Grid-Models
XGB:    0.7998712805496556
KNN:    0.7979006969435889 (11% OF)
RF:     0.8012445037893211
SVM:    0.8059320266889074